id;nhogar;miembro;aesc_sosten;ISEI_sosten;patrimonio;ios_cod;ios;iosterciles;ioscuartiles
1;1;1;7;18;4;1;-1,03;1;1
2;1;1;7;45;5;1;-0,24;2;2
3;1;1;12;51;4;1;-0,01;2;2
4;1;1;12;46;5;1;0,63;3;4
5;1;1;17;85;5;1;1,66;3;4
6;1;2;17;38;5;1;0,39;2;3
7;1;1;15;59;5;1;0,98;3;4
8;1;1;15;71;5;1;1,32;3;4
9;1;1;17;71;5;1;1,28;3;4
10;1;1;3;45;5;1;-0,39;2;2
11;1;1;3;17;4;1;-1,90;1;1
12;1;2;12;58;4;1;0,77;3;4
13;1;1;15;38;5;1;0,18;2;3
14;1;1;12;45;5;1;0,27;2;3
15;1;1;12;52;4;1;0,58;3;3
16;1;1;9;42;5;1;0,18;2;3
17;1;1;7;63;5;1;0,61;3;3
18;1;1;11;34;5;1;-0,36;2;2
19;1;1;3;45;5;1;-0,39;2;2
20;1;1;7;34;5;1;-0,29;2;2
21;1;1;12;42;1;1;-0,45;2;2
22;1;1;10;38;5;1;-0,36;2;2
23;1;1;7;32;5;1;-0,84;1;1
24;1;1;7;34;4;1;-0,53;1;2
25;1;1;15;48;5;1;0,45;2;3
26;1;1;7;54;5;1;-0,25;2;2
27;1;1;10;34;5;1;-0,47;2;2
28;1;1;15;61;5;1;0,80;3;3
29;1;1;7;45;5;1;-0,24;2;2
30;1;1;0;17;3;1;-2,25;1;1
31;1;1;;;5;0;;;
32;1;1;7;45;5;1;-0,24;2;2
33;1;1;7;36;4;1;-0,47;1;2
34;1;1;17;64;5;1;1,09;3;4
35;1;1;0;33;5;1;-1,57;1;1
36;1;1;13;55;5;1;0,42;2;3
37;1;1;17;49;5;1;0,90;3;4
38;1;1;0;16;5;1;-1,63;1;1
39;1;2;12;41;4;1;-0,09;2;2
40;1;1;3;10;5;1;-1,64;1;1
41;1;1;2;32;3;1;-1,62;1;1
42;1;1;7;36;4;1;-0,47;1;2
43;1;1;12;47;5;1;0,67;3;4
44;1;1;7;31;5;1;-0,87;1;1
45;1;1;7;45;5;1;0,05;2;3
46;1;1;17;63;5;1;1,72;3;4
47;1;2;15;40;4;1;0,02;2;2
48;1;2;7;45;5;1;-0,24;2;2
49;1;1;7;45;5;1;-0,49;1;2
50;1;3;9;68;5;1;0,34;2;3
51;1;1;7;36;1;1;-1,49;1;1
52;1;1;12;32;5;1;-0,31;2;2
53;1;1;12;48;5;1;0,12;2;3
54;1;1;3;23;5;1;-1,52;1;1
55;1;1;7;51;5;1;-0,07;2;2
56;1;1;12;32;5;1;-0,09;2;2
57;1;1;17;64;4;1;1,08;3;4
58;1;1;3;10;5;1;-1,64;1;1
59;1;1;17;66;5;1;1,15;3;4
60;1;1;17;89;5;1;2,03;3;4
61;1;1;15;61;5;1;1,04;3;4
62;1;1;7;45;4;1;-0,71;1;2
63;1;2;12;41;5;1;0,16;2;3
64;1;1;19;77;5;1;1,90;3;4
65;1;1;7;35;4;1;-0,98;1;1
66;1;1;15;47;5;1;0,42;2;3
67;1;1;19;66;5;1;1,36;3;4
68;1;1;19;45;5;1;0,99;3;4
69;1;1;12;44;5;1;0,25;2;3
70;1;1;11;38;5;1;-0,25;2;2
71;1;1;17;89;5;1;2,03;3;4
72;1;1;12;35;5;1;-0,01;2;2
73;1;2;17;71;5;1;1,28;3;4
74;1;1;17;89;5;1;2,53;3;4
75;1;1;0;27;5;1;-1,47;1;1
76;1;1;0;45;4;1;-0,97;1;1
77;1;1;12;37;4;1;-0,39;2;2
78;1;1;7;32;2;1;-1,50;1;1
79;1;1;12;45;5;1;0,60;3;3
80;1;2;12;16;2;1;-1,29;1;1
81;1;1;13;36;4;1;-0,31;2;2
82;1;1;17;71;5;1;1,53;3;4
83;1;2;10;41;5;1;-0,28;2;2
84;1;4;10;43;4;1;-0,44;2;2
85;1;1;12;49;5;1;0,39;2;3
86;1;1;7;50;5;1;-0,10;2;2
87;1;1;0;32;2;1;-2,07;1;1
88;1;1;7;16;4;1;-1,49;1;1
89;1;1;16;53;5;1;0,91;3;4
90;1;1;17;66;5;1;1,15;3;4
91;1;1;7;17;4;1;-1,28;1;1
92;1;1;7;20;4;1;-1,38;1;1
93;1;1;0;17;2;1;-2,65;1;1
94;1;2;7;17;1;1;-2,03;1;1
95;1;2;7;35;1;1;-1,63;1;1
96;1;1;12;53;5;1;0,50;3;3
97;1;1;7;17;5;1;-1,25;1;1
98;1;2;7;64;2;1;-0,07;2;3
99;1;2;12;24;5;1;-0,32;2;2
100;1;2;15;71;5;1;1,32;3;4
101;1;2;3;41;5;1;-1,03;1;1
102;1;1;15;27;4;1;-0,33;2;2
103;1;1;12;16;4;1;-0,95;1;1
104;1;2;0;56;5;1;-0,38;2;2
105;1;1;17;75;5;1;1,39;3;4
106;1;1;12;19;5;1;-0,46;2;2
107;1;1;7;56;5;1;-0,20;2;2
108;1;1;10;56;4;1;0,13;2;3
109;1;1;12;17;5;1;-0,27;2;2
110;1;1;7;24;5;1;-0,61;1;1
111;1;1;6;28;1;1;-1,82;1;1
112;1;1;7;47;4;1;-0,13;2;3
113;1;1;7;35;4;1;-0,77;1;1
114;1;2;7;21;5;1;-1,14;1;1
115;1;1;0;21;5;1;-1,89;1;1
116;1;1;12;27;5;1;-0,44;2;2
117;1;1;0;17;5;1;-1,60;1;1
118;1;1;3;36;4;1;-1,15;1;1
119;1;1;11;32;1;1;-1,19;1;1
120;1;1;16;52;5;1;0,88;3;4
121;1;1;7;38;5;1;-0,17;2;3
122;1;1;19;76;5;1;1,87;3;4
123;1;1;7;20;5;1;-0,95;1;1
124;1;1;7;35;5;1;-0,76;1;1
125;1;1;7;59;5;1;0,16;2;3
126;1;3;15;71;4;1;0,85;3;3
127;1;2;7;28;5;1;-0,72;1;2
128;1;2;11;45;3;1;-0,50;1;2
129;1;1;3;32;4;1;-1,49;1;1
130;1;1;3;19;5;1;-1,39;1;1
131;1;1;8;45;5;1;-0,14;2;2
132;1;1;0;23;3;1;-2,08;1;1
133;1;1;0;34;5;1;-1,27;1;1
134;1;1;;;3;0;;;
135;1;1;17;42;5;1;0,70;3;3
136;1;1;7;47;4;1;-0,13;2;3
137;1;1;12;45;4;1;0,03;2;2
138;1;1;7;48;1;1;-0,81;1;1
139;1;1;7;34;3;1;-1,23;1;1
140;1;1;7;38;3;1;-0,93;1;1
141;1;1;17;63;5;1;1,07;3;4
142;1;1;17;71;5;1;1,28;3;4
143;1;1;15;70;5;1;1,29;3;4
144;1;1;12;54;4;1;0,28;2;3
145;1;1;7;18;5;1;-0,79;1;1
146;1;1;17;71;5;1;1,28;3;4
147;1;1;17;42;4;1;0,82;3;4
148;1;2;3;25;4;1;-1,26;1;1
149;1;1;7;45;5;1;-0,49;1;2
150;1;1;2;36;5;1;-0,79;1;1
151;1;1;12;41;5;1;-0,06;2;2
152;1;2;7;27;5;1;-0,51;1;2
153;1;1;15;61;5;1;1,44;3;4
154;1;1;3;28;4;1;-1,16;1;1
155;1;1;3;26;5;1;-0,99;1;1
156;1;1;7;36;5;1;-0,23;2;2
157;1;1;10;36;5;1;0,10;2;3
158;1;1;12;52;4;1;0,22;2;3
159;1;1;12;55;5;1;0,31;2;3
160;1;1;3;17;4;1;-1,90;1;1
161;1;1;17;72;5;1;2,00;3;4
162;1;2;17;63;5;1;1,72;3;4
163;1;2;7;45;5;1;-0,49;1;2
164;1;1;9;41;4;1;-0,40;2;2
165;1;1;12;61;4;1;0,86;3;4
166;1;2;17;71;5;1;1,53;3;4
167;1;1;17;89;5;1;2,03;3;4
168;1;1;19;76;5;1;2,35;3;4
169;1;2;15;52;5;1;0,78;3;4
170;1;1;6;24;5;1;-1,17;1;1
171;1;1;7;16;5;1;-1,06;1;1
172;1;2;17;66;5;1;1,81;3;4
173;1;1;17;70;3;1;1,00;3;4
174;1;1;9;17;5;1;-1,03;1;1
175;1;1;7;35;5;1;-0,76;1;1
176;1;1;12;61;5;1;0,73;3;3
177;1;1;12;64;5;1;0,81;3;4
178;1;1;7;45;5;1;0,05;2;3
179;1;2;7;36;5;1;-0,49;1;2
180;1;1;7;45;5;1;0,05;2;3
181;1;1;17;88;4;1;1,52;3;4
182;1;1;7;41;5;1;-0,08;2;3
183;1;1;7;26;3;1;-1,02;1;1
184;1;1;15;56;5;1;0,66;3;3
185;1;2;7;29;5;1;-0,69;1;2
186;1;2;7;34;5;1;-0,29;2;2
187;1;1;12;45;5;1;0,04;2;2
188;1;1;7;72;5;1;0,53;3;3
189;1;1;12;16;2;1;-1,29;1;1
190;1;1;7;34;4;1;-0,53;1;2
191;1;1;3;27;5;1;-1,16;1;1
192;1;1;12;50;4;1;0,52;3;3
193;1;1;7;38;5;1;-0,17;2;3
194;1;1;17;63;5;1;1,30;3;4
195;1;2;7;31;5;1;-0,64;1;2
196;1;2;17;63;5;1;1,72;3;4
197;1;1;9;22;5;1;-0,69;1;2
198;1;2;17;57;5;1;1,53;3;4
199;1;1;17;62;5;1;1,27;3;4
200;1;2;13;45;5;1;0,38;2;3
201;1;1;17;85;5;1;1,92;3;4
202;1;1;19;59;5;1;1,39;3;4
203;1;1;4;16;5;1;-1,19;1;1
204;1;1;8;32;5;1;-0,50;1;2
205;1;1;15;37;4;1;0,11;2;3
206;1;1;12;56;5;1;0,95;3;4
207;1;1;15;55;5;1;0,64;3;3
208;1;2;12;65;5;1;1,23;3;4
209;1;1;7;32;5;1;-0,36;2;2
210;1;1;17;59;4;1;1,36;3;4
211;1;1;17;85;5;1;2,41;3;4
212;1;1;9;45;5;1;-0,03;2;2
213;1;2;12;49;5;1;0,73;3;4
214;1;1;10;63;5;1;0,58;3;3
215;1;1;19;89;5;1;1,98;3;4
216;1;2;8;41;4;1;-0,20;2;2
217;1;1;15;59;5;1;0,74;3;3
218;1;1;12;57;5;1;0,98;3;4
219;1;2;19;57;4;1;0,90;3;4
220;1;2;7;32;5;1;-0,61;1;2
221;1;2;3;40;4;1;-0,79;1;1
222;1;1;12;53;5;1;0,50;3;3
223;1;2;17;41;5;1;1,03;3;4
224;1;1;17;85;4;1;2,17;3;4
225;1;1;17;76;5;1;2,13;3;4
226;1;1;0;34;5;1;-1,54;1;1
227;1;1;12;45;5;1;0,04;2;2
228;1;1;7;27;4;1;-1,20;1;1
229;1;2;15;66;5;1;0,93;3;4
230;1;1;17;62;5;1;1,27;3;4
231;1;1;7;70;4;1;0,59;3;3
232;1;1;7;56;5;1;-0,20;2;2
233;1;1;10;44;5;1;0,35;2;3
234;1;1;12;27;5;1;-0,44;2;2
235;1;1;7;32;5;1;-0,84;1;1
236;1;1;;;4;0;;;
237;1;1;19;66;5;1;1,36;3;4
238;1;1;19;76;5;1;1,87;3;4
239;1;1;7;35;5;1;-0,52;1;2
240;1;1;12;48;5;1;0,70;3;4
241;1;2;12;54;5;1;0,88;3;4
242;1;3;3;59;5;1;-0,25;2;2
243;1;2;17;89;5;1;2,53;3;4
244;1;2;15;47;5;1;0,42;2;3
245;1;1;8;32;5;1;-0,74;1;2
246;1;1;12;45;5;1;0,04;2;2
247;1;1;14;38;5;1;0,61;3;3
248;1;2;12;35;5;1;-0,22;2;2
249;1;1;5;29;5;1;-0,90;1;1
250;1;2;3;16;5;1;-1,71;1;1
251;1;1;16;56;5;1;1,00;3;4
252;1;1;15;41;4;1;0,04;2;2
253;1;1;0;18;5;1;-1,72;1;1
254;1;2;7;10;5;1;-1,44;1;1
255;1;1;7;45;2;1;-0,67;1;1
256;1;1;17;57;5;1;0,91;3;4
257;1;1;12;38;5;1;-0,14;2;2
258;1;1;12;61;5;1;0,73;3;3
259;1;1;17;47;4;1;0,60;3;3
260;1;1;12;50;5;1;0,76;3;4
261;1;1;15;61;5;1;1,04;3;4
262;1;1;7;35;5;1;-0,52;1;2
263;1;1;17;59;1;1;0,19;2;3
264;1;1;12;53;4;1;0,04;2;2
265;1;1;17;55;5;1;0,85;3;4
266;1;3;17;85;5;1;1,92;3;4
267;1;1;3;36;5;1;-0,91;1;1
268;1;1;19;86;5;1;2,16;3;4
269;1;1;17;63;5;1;1,30;3;4
270;1;1;7;36;5;1;-0,23;2;2
271;1;1;12;38;5;1;0,08;2;3
272;1;2;17;71;4;1;1,06;3;4
273;1;1;17;41;1;1;0,08;2;3
274;1;1;17;85;5;1;1,66;3;4
275;1;2;12;45;5;1;0,04;2;2
276;1;1;0;16;5;1;-1,78;1;1
277;1;1;12;30;5;1;0,13;2;3
278;1;1;13;45;5;1;0,15;2;3
279;1;1;5;16;5;1;-1,49;1;1
280;1;1;12;44;5;1;0,25;2;3
281;1;1;7;45;5;1;-0,49;1;2
282;1;1;15;42;5;1;0,50;3;3
283;1;1;7;36;4;1;-0,47;1;2
284;1;2;7;28;5;1;-0,72;1;2
285;1;2;15;80;5;1;1,31;3;4
286;1;1;9;45;5;1;0,27;2;3
287;1;1;7;41;3;1;-0,55;1;2
288;1;1;14;66;5;1;1,08;3;4
289;1;1;6;16;3;1;-1,45;1;1
290;1;1;0;27;4;1;-1,53;1;1
291;1;1;8;42;4;1;-0,69;1;2
292;1;1;7;16;5;1;-1,06;1;1
293;1;1;12;45;5;1;0,27;2;3
294;1;1;17;63;5;1;1,72;3;4
295;1;1;19;76;5;1;1,63;3;4
296;1;1;12;34;5;1;0,26;2;3
297;1;1;7;17;5;1;-1,25;1;1
298;1;1;12;37;5;1;0,05;2;2
299;1;1;8;18;5;1;-0,68;1;1
300;1;1;3;40;2;1;-1,54;1;1
301;1;1;7;35;5;1;-0,76;1;1
302;1;2;12;41;5;1;0,16;2;3
303;1;1;15;63;5;1;0,85;3;3
304;1;1;7;63;5;1;-0,01;2;2
305;1;1;7;45;4;1;-0,71;1;2
306;1;1;7;36;5;1;-0,49;1;2
307;1;1;7;17;4;1;-1,46;1;1
308;1;1;12;41;3;1;-0,50;1;2
309;1;1;12;48;4;1;-0,09;2;2
310;1;1;17;86;5;1;1,95;3;4
311;1;1;7;63;5;1;0,61;3;3
312;1;1;7;35;4;1;-0,50;1;2
313;1;1;7;38;5;1;-0,17;2;3
314;1;1;12;37;5;1;-0,17;2;2
315;1;1;17;74;5;1;1,61;3;4
316;1;1;7;45;4;1;-0,19;2;2
317;1;1;7;45;4;1;-0,49;1;2
318;1;1;7;16;2;1;-1,93;1;1
319;1;1;12;49;5;1;0,39;2;3
320;1;1;12;63;5;1;0,53;2;3
321;1;1;15;61;5;1;1,04;3;4
322;1;1;7;36;5;1;-0,49;1;2
323;1;1;7;52;5;1;-0,04;2;2
324;1;2;7;31;5;1;-0,39;2;2
325;1;2;10;53;5;1;0,30;2;3
326;1;1;3;32;5;1;-1,02;1;1
327;1;2;12;45;3;1;-0,39;2;2
328;1;2;7;45;4;1;-0,49;1;2
329;1;2;7;42;4;1;-0,28;2;2
330;1;1;12;43;5;1;-0,01;2;2
331;1;2;12;41;5;1;-0,06;2;2
332;1;2;7;38;3;1;-0,65;1;1
333;1;2;12;52;4;1;0,22;2;3
334;1;1;9;36;5;1;-0,01;2;3
335;1;2;7;45;5;1;-0,24;2;2
336;1;1;17;89;5;1;2,03;3;4
337;1;1;7;41;5;1;-0,08;2;3
338;1;1;15;57;5;1;0,92;3;4
339;1;1;3;16;5;1;-1,47;1;1
340;1;1;12;47;4;1;0,43;3;3
341;1;1;12;24;5;1;-0,32;2;2
342;1;2;6;47;4;1;-0,53;1;2
343;1;1;12;45;5;1;0,04;2;2
344;1;1;17;31;5;1;0,21;2;3
345;1;1;12;41;5;1;0,48;3;3
346;1;2;12;60;5;1;0,70;3;3
347;1;1;15;45;4;1;0,70;3;4
348;1;2;15;42;5;1;0,29;2;3
349;1;2;10;45;5;1;-0,17;2;2
350;1;2;17;85;4;1;1,44;3;4
351;1;1;15;63;5;1;1,09;3;4
352;1;1;12;63;5;1;1,17;3;4
353;1;3;17;76;5;1;1,42;3;4
354;1;1;12;57;5;1;0,98;3;4
355;1;1;15;61;4;1;0,58;3;3
356;1;1;17;71;5;1;1,97;3;4
357;1;1;7;26;3;1;-1,02;1;1
358;1;1;12;60;5;1;1,07;3;4
359;1;1;12;49;5;1;0,39;2;3
360;1;1;15;45;5;1;0,58;3;3
361;1;1;12;42;5;1;0,51;3;3
362;1;1;12;60;5;1;1,07;3;4
363;1;1;7;34;5;1;-0,79;1;1
364;1;1;19;89;4;1;1,76;3;4
365;1;1;7;26;3;1;-1,44;1;1
366;1;1;7;16;5;1;-1,06;1;1
367;1;1;9;42;5;1;0,18;2;3
368;1;2;17;89;5;1;1,77;3;4
369;1;4;17;89;5;1;2,03;3;4
370;1;1;15;45;4;1;0,15;2;3
371;1;1;15;86;1;1;0,60;3;3
372;1;3;10;59;4;1;0,22;2;3
373;1;1;12;35;5;1;-0,01;2;2
374;1;1;17;85;5;1;1,66;3;4
375;1;1;;;5;0;;;
376;1;1;15;56;5;1;0,66;3;3
377;1;1;15;61;5;1;1,44;3;4
378;1;1;3;32;3;1;-1,52;1;1
379;1;1;11;63;2;1;0,34;2;3
380;1;1;15;67;1;1;0,09;2;3
381;1;1;7;52;5;1;0,27;2;3
382;1;1;12;61;1;1;0,15;2;3
383;1;3;12;63;5;1;0,53;2;3
384;1;1;7;48;5;1;-0,15;2;2
385;1;1;3;41;5;1;-0,76;1;1
386;1;1;12;45;4;1;0,03;2;2
387;1;1;7;16;5;1;-1,06;1;1
388;1;1;;;5;0;;;
389;1;1;7;36;5;1;-0,49;1;2
390;1;1;12;45;5;1;0,04;2;2
391;1;1;12;45;5;1;0,60;3;3
392;1;1;7;36;2;1;-0,95;1;1
393;1;1;17;71;5;1;1,28;3;4
394;1;1;17;71;5;1;1,53;3;4
395;1;1;12;26;4;1;-0,68;1;2
396;1;1;3;28;5;1;-0,93;1;1
397;1;1;10;86;4;1;0,71;3;3
398;1;1;12;47;4;1;0,08;2;3
399;1;1;0;45;4;1;-0,97;1;1
400;1;1;17;61;5;1;1,01;3;4
401;1;1;12;42;4;1;0,27;2;3
402;1;1;0;23;3;1;-1,89;1;1
403;1;2;17;85;5;1;1,66;3;4
404;1;1;3;49;5;1;-0,27;2;2
405;1;1;17;71;5;1;1,28;3;4
406;1;1;7;24;5;1;-0,61;1;1
407;1;2;12;45;5;1;0,60;3;3
408;1;2;17;76;5;1;1,42;3;4
409;1;1;17;85;5;1;1,66;3;4
410;1;1;11;45;4;1;-0,08;2;2
411;1;1;2;43;5;1;-0,57;1;2
412;1;1;12;70;5;1;0,98;3;4
413;1;1;12;63;5;1;1,17;3;4
414;1;1;17;53;5;1;1,02;3;4
415;1;1;10;53;5;1;0,63;3;3
416;1;1;17;85;5;1;1,66;3;4
417;1;1;7;32;5;1;-0,36;2;2
418;1;1;7;36;4;1;-0,47;1;2
419;1;1;9;36;4;1;-0,25;2;2
420;1;1;10;44;4;1;0,11;2;3
421;1;1;17;66;5;1;1,38;3;4
422;1;1;7;16;5;1;-0,86;1;1
423;1;1;5;37;5;1;-0,42;2;2
424;1;1;17;66;4;1;1,57;3;4
425;1;1;19;59;5;1;1,17;3;4
426;1;1;7;23;5;1;-0,64;1;1
427;1;1;12;61;5;1;0,47;2;3
428;1;1;12;41;5;1;0,48;3;3
429;1;1;15;55;5;1;0,64;3;3
430;1;1;12;36;5;1;-0,20;2;2
431;1;1;17;67;5;1;1,17;3;4
432;1;1;17;55;5;1;1,07;3;4
433;1;2;12;45;5;1;0,27;2;3
434;1;1;12;50;5;1;0,76;3;4
435;1;2;7;36;5;1;-0,49;1;2
436;1;1;17;61;3;1;0,75;3;3
437;1;1;7;40;4;1;-0,35;2;2
438;1;2;19;70;5;1;1,47;3;4
439;1;1;15;58;5;1;0,72;3;3
440;1;1;7;45;4;1;-0,19;2;2
441;1;1;15;71;5;1;1,75;3;4
442;1;1;7;18;4;1;-1,03;1;1
443;1;2;12;27;5;1;0,04;2;3
444;1;1;4;18;5;1;-1,13;1;1
445;1;2;7;27;5;1;-0,51;1;2
446;1;2;7;27;5;1;-0,75;1;1
447;1;2;7;32;5;1;-0,84;1;1
448;1;2;12;52;5;1;0,47;3;3
449;1;1;7;36;5;1;-0,49;1;2
450;1;1;2;37;5;1;-0,76;1;1
451;1;1;12;45;5;1;0,27;2;3
452;1;1;12;56;5;1;0,59;3;3
453;1;2;17;45;5;1;0,58;3;3
454;1;1;10;17;5;1;-0,92;1;1
455;1;1;17;55;5;1;1,07;3;4
456;1;1;15;63;5;1;1,09;3;4
457;1;1;17;71;5;1;1,28;3;4
458;1;1;12;70;5;1;0,98;3;4
459;1;1;17;65;5;1;1,12;3;4
460;1;1;17;38;5;1;0,39;2;3
461;1;1;17;45;5;1;0,58;3;3
462;1;1;3;32;5;1;-0,80;1;1
463;1;1;17;89;5;1;2,03;3;4
464;1;1;10;38;5;1;0,16;2;3
465;1;1;16;46;5;1;0,50;2;3
466;1;2;3;32;5;1;-0,80;1;1
467;1;1;12;48;4;1;-0,09;2;2
468;1;1;15;63;5;1;0,85;3;3
469;1;1;7;38;5;1;-0,17;2;3
470;1;1;7;32;5;1;-0,84;1;1
471;1;1;7;27;1;1;-1,47;1;1
472;1;1;12;45;4;1;-0,17;2;2
473;1;2;15;53;5;1;0,81;3;4
474;1;1;2;32;5;1;-0,91;1;1
475;1;1;15;71;5;1;1,07;3;4
476;1;3;8;24;5;1;-0,73;1;2
477;1;1;7;45;4;1;-0,19;2;2
478;1;1;12;45;5;1;0,27;2;3
479;1;2;7;40;5;1;-0,63;1;2
480;1;1;13;42;1;1;-0,70;1;2
481;1;1;17;74;5;1;1,61;3;4
482;1;1;19;89;4;1;1,76;3;4
483;1;2;7;27;5;1;-0,98;1;1
484;1;1;5;32;4;1;-1,06;1;1
485;1;1;5;16;5;1;-1,49;1;1
486;1;2;17;16;4;1;-0,41;2;2
487;1;2;15;59;5;1;0,74;3;3
488;1;1;3;45;5;1;-0,39;2;2
489;1;2;7;35;5;1;-0,52;1;2
490;1;2;5;27;4;1;-1,41;1;1
491;1;1;12;36;5;1;0,02;2;2
492;1;1;15;52;4;1;0,34;2;3
493;1;2;12;45;5;1;0,60;3;3
494;1;1;7;18;5;1;-1,00;1;1
495;1;1;10;26;3;1;-0,97;1;1
496;1;1;12;57;5;1;0,61;3;3
497;1;1;17;85;5;1;1,66;3;4
498;1;1;12;38;5;1;0,08;2;3
499;1;1;13;45;5;1;0,15;2;3
500;1;1;17;71;5;1;1,53;3;4
501;1;1;17;70;5;1;1,25;3;4
502;1;1;7;31;5;1;-0,64;1;2
503;1;1;7;38;5;1;-0,44;2;2
504;1;3;2;26;3;1;-1,79;1;1
505;1;1;17;89;5;1;2,03;3;4
506;1;1;7;27;4;1;-1,20;1;1
507;1;1;12;57;1;1;-0,50;1;2
508;1;1;12;48;4;1;0,11;2;3
509;1;2;12;57;1;1;0,02;2;3
510;1;2;17;65;5;1;1,36;3;4
511;1;1;7;14;5;1;-0,92;1;1
512;1;1;9;23;5;1;-0,87;1;1
513;1;1;7;40;5;1;-0,11;2;3
514;1;1;;;5;0;;;
515;1;1;17;59;5;1;1,19;3;4
516;1;1;17;55;4;1;1,23;3;4
517;1;1;15;53;5;1;0,58;3;3
518;1;1;17;66;5;1;1,15;3;4
519;1;1;12;30;5;1;-0,36;2;2
520;1;1;9;40;5;1;-0,41;2;2
521;1;1;15;54;5;1;0,84;3;4
522;1;1;12;49;5;1;0,39;2;3
523;1;1;7;59;3;1;0,01;2;3
524;1;1;12;45;5;1;0,27;2;3
525;1;1;7;36;4;1;-0,47;1;2
526;1;1;10;19;5;1;-0,87;1;1
527;1;1;12;52;5;1;0,47;3;3
528;1;1;7;31;4;1;-0,63;1;1
529;1;1;0;38;4;1;-1,18;1;1
530;1;2;7;35;5;1;-0,52;1;2
531;1;1;12;45;5;1;0,27;2;3
532;1;1;12;61;5;1;0,73;3;3
533;1;1;12;61;5;1;0,73;3;3
534;1;1;7;36;5;1;-0,23;2;2
535;1;2;7;45;4;1;-0,19;2;2
536;1;1;2;49;4;1;-0,89;1;1
537;1;2;7;45;1;1;-1,36;1;1
538;1;1;15;55;5;1;1,25;3;4
539;1;1;7;31;5;1;-0,64;1;2
540;1;1;5;23;5;1;-0,86;1;1
541;1;2;7;18;5;1;-1,00;1;1
542;1;1;7;18;3;1;-1,50;1;1
543;1;2;2;17;5;1;-1,38;1;1
544;1;1;3;57;5;1;-0,60;1;2
545;1;1;7;37;5;1;-0,20;2;2
546;1;1;7;18;4;1;-1,25;1;1
547;1;2;10;45;5;1;0,38;3;3
548;1;2;2;45;4;1;-0,74;1;1
549;1;2;4;16;3;1;-2,03;1;1
550;1;1;12;45;5;1;0,27;2;3
551;1;1;17;66;5;1;1,15;3;4
552;1;1;7;30;4;1;-0,91;1;1
553;1;2;17;23;5;1;-0,01;2;2
554;1;1;2;32;4;1;-1,15;1;1
555;1;1;3;32;4;1;-1,27;1;1
556;1;1;17;89;5;1;1,77;3;4
557;1;1;7;18;4;1;-1,25;1;1
558;1;2;9;64;5;1;0,23;2;3
559;1;1;17;89;5;1;2,03;3;4
560;1;1;7;16;2;1;-1,57;1;1
561;1;1;3;32;5;1;-1,28;1;1
562;1;1;17;76;5;1;1,42;3;4
563;1;2;17;47;5;1;0,85;3;4
564;1;1;14;55;5;1;1,14;3;4
565;1;1;17;74;5;1;1,36;3;4
566;1;1;7;53;5;1;-0,01;2;2
567;1;1;17;34;5;1;0,81;3;4
568;1;2;7;27;5;1;-0,75;1;1
569;1;1;7;27;5;1;-0,51;1;2
570;1;2;17;40;5;1;0,45;2;3
571;1;1;12;45;4;1;0,36;2;3
572;1;2;12;45;4;1;0,36;2;3
573;1;1;7;45;5;1;0,05;2;3
574;1;1;7;45;5;1;0,05;2;3
575;1;1;10;45;5;1;0,38;3;3
576;1;1;7;43;5;1;-0,01;2;3
577;1;1;12;61;5;1;1,10;3;4
578;1;2;17;56;5;1;1,50;3;4
579;1;1;;;4;0;;;
580;1;1;7;19;4;1;-1,00;1;1
581;1;1;7;29;5;1;-0,45;2;2
582;1;2;7;25;5;1;-0,81;1;1
583;1;2;2;35;5;1;-0,82;1;1
584;1;2;15;61;5;1;1,44;3;4
585;1;1;4;40;5;1;-0,44;2;2
586;1;2;15;60;5;1;0,77;3;3
587;1;1;12;61;4;1;0,86;3;4
588;1;1;7;47;5;1;0,11;2;3
589;1;1;7;48;4;1;-0,40;2;2
590;1;2;5;45;5;1;-0,45;2;2
591;1;2;12;45;5;1;0,04;2;2
592;1;1;12;18;5;1;-0,24;2;2
593;1;2;17;61;5;1;1,24;3;4
594;1;1;12;45;4;1;0,36;2;3
595;1;2;7;63;5;1;0,61;3;3
596;1;1;15;45;5;1;0,37;2;3
597;1;1;12;41;5;1;0,16;2;3
598;1;1;10;41;4;1;-0,29;2;2
599;1;1;10;38;5;1;0,16;2;3
600;1;1;7;28;4;1;-0,72;1;1
601;1;2;7;50;5;1;-0,10;2;2
602;1;2;7;24;5;1;-0,83;1;1
603;1;1;12;26;5;1;-0,26;2;2
604;1;2;9;45;5;1;-0,03;2;2
605;1;1;15;36;5;1;0,33;2;3
606;1;2;12;49;5;1;0,39;2;3
607;1;1;10;40;4;1;-0,32;2;2
608;1;1;10;45;5;1;-0,17;2;2
609;1;2;15;71;5;1;1,07;3;4
610;1;2;12;41;5;1;0,48;3;3
611;1;2;12;61;5;1;0,47;2;3
612;1;1;17;58;4;1;0,71;3;3
613;1;1;4;63;5;1;0,28;2;3
614;1;1;7;61;5;1;0,55;3;3
615;1;2;15;61;5;1;1,04;3;4
616;1;1;7;45;5;1;0,05;2;3
617;1;2;7;41;5;1;-0,08;2;3
618;1;1;12;66;5;1;1,26;3;4
619;1;1;3;45;5;1;-0,39;2;2
620;1;2;17;66;5;1;1,15;3;4
621;1;1;2;38;5;1;-0,72;1;1
622;1;1;12;45;5;1;0,04;2;2
623;1;1;17;74;5;1;1,36;3;4
624;1;1;7;28;4;1;-0,97;1;1
625;1;1;12;35;5;1;-0,22;2;2
626;1;2;13;40;4;1;-0,01;2;2
627;1;1;7;23;1;1;-1,96;1;1
628;1;2;3;16;5;1;-1,47;1;1
629;1;1;15;59;5;1;0,98;3;4
630;1;1;4;46;3;1;-1,23;1;1
631;1;1;7;30;4;1;-0,66;1;1
632;1;1;17;86;5;1;1,95;3;4
633;1;1;3;32;5;1;-1,02;1;1
634;1;1;3;43;4;1;-1,20;1;1
635;1;1;7;38;5;1;-0,44;2;2
636;1;1;7;43;5;1;-0,01;2;3
637;1;1;14;56;5;1;0,56;2;3
638;1;1;12;49;5;1;0,39;2;3
639;1;2;10;25;5;1;-0,71;1;2
640;1;1;2;32;5;1;-1,38;1;1
641;1;1;17;48;4;1;0,63;3;3
642;1;1;7;37;5;1;-0,47;2;2
643;1;1;0;45;4;1;-0,97;1;1
644;1;1;16;38;5;1;0,29;2;3
645;1;1;12;51;5;1;0,79;3;4
646;1;1;7;31;5;1;-0,64;1;2
647;1;1;0;16;5;1;-1,78;1;1
648;1;1;7;45;5;1;0,05;2;3
649;1;1;17;62;5;1;1,27;3;4
650;1;3;2;17;5;1;-1,79;1;1
651;1;1;12;32;5;1;0,20;2;3
652;1;1;7;45;5;1;0,05;2;3
653;1;1;12;45;5;1;0,27;2;3
654;1;1;7;24;4;1;-1,08;1;1
655;1;1;14;59;5;1;0,64;3;3
656;1;2;7;53;5;1;0,30;2;3
657;1;1;7;29;3;1;-1,36;1;1
658;1;1;1;18;5;1;-1,62;1;1
659;1;1;17;74;4;1;1,14;3;4
660;1;1;12;41;5;1;-0,06;2;2
661;1;1;7;27;5;1;-0,51;1;2
662;1;1;15;67;5;1;0,96;3;4
663;1;1;4;52;1;1;-1,34;1;1
664;1;1;15;55;5;1;0,64;3;3
665;1;1;7;26;5;1;-0,78;1;1
666;1;1;7;49;4;1;-0,06;2;3
667;1;1;12;41;5;1;-0,06;2;2
668;1;1;4;17;5;1;-1,57;1;1
669;1;2;17;61;5;1;1,01;3;4
670;1;2;12;58;5;1;1,01;3;4
671;1;2;17;89;5;1;2,03;3;4
672;1;1;12;24;5;1;-0,52;1;2
673;1;2;17;61;5;1;1,01;3;4
674;1;1;0;56;5;1;-0,95;1;1
675;1;1;17;47;4;1;0,42;2;3
676;1;1;19;61;4;1;1,64;3;4
677;1;3;11;58;5;1;0,29;2;3
678;1;1;12;67;5;1;0,64;3;3
679;1;2;7;37;5;1;-0,20;2;2
680;1;2;15;61;5;1;0,80;3;3
681;1;2;7;43;5;1;-0,01;2;3
682;1;2;8;55;5;1;0,47;3;3
683;1;1;10;24;4;1;-0,51;1;2
684;1;1;4;27;5;1;-0,85;1;1
685;1;1;0;24;5;1;-1,38;1;1
686;1;1;7;32;5;1;-0,36;2;2
687;1;1;3;38;5;1;-0,61;1;1
688;1;1;7;38;5;1;-0,17;2;3
689;1;1;9;32;4;1;-0,85;1;1
690;1;1;9;17;4;1;-1,08;1;1
691;1;2;;;5;0;;;
692;1;1;9;34;5;1;-0,07;2;3
693;1;1;12;16;5;1;-0,30;2;2
694;1;1;12;32;5;1;-0,09;2;2
695;1;1;15;53;5;1;0,58;3;3
696;1;4;7;34;5;1;-0,79;1;1
697;1;1;15;45;4;1;0,70;3;4
698;1;2;12;27;5;1;-0,44;2;2
699;1;4;12;68;3;1;0,23;2;3
700;1;2;17;89;5;1;2,03;3;4
701;1;2;12;35;5;1;-0,01;2;2
702;1;2;12;36;5;1;0,32;2;3
703;1;1;17;41;5;1;0,48;2;3
704;1;1;3;23;5;1;-1,08;1;1
705;1;1;7;31;5;1;-0,87;1;1
706;1;2;7;22;5;1;-0,89;1;1
707;1;1;7;31;5;1;-0,87;1;1
708;1;1;0;18;5;1;-1,72;1;1
709;1;1;3;17;1;1;-2,22;1;1
710;1;1;15;61;5;1;0,80;3;3
711;1;1;7;32;5;1;-0,61;1;2
712;1;1;10;16;5;1;-0,75;1;1
713;1;3;3;25;4;1;-1,47;1;1
714;1;3;7;34;5;1;-0,79;1;1
715;1;1;12;34;4;1;-0,29;2;2
716;1;1;7;27;1;1;-1,74;1;1
717;1;1;8;27;5;1;-0,65;1;2
718;1;2;15;71;5;1;1,07;3;4
719;1;1;0;18;4;1;-1,81;1;1
720;1;2;0;10;1;1;-2,94;1;1
721;1;2;10;38;4;1;-0,38;2;2
722;1;1;0;32;1;1;-2,32;1;1
723;1;2;12;52;1;1;-0,52;1;2
724;1;2;12;45;5;1;0,27;2;3
725;1;1;7;35;5;1;-0,52;1;2
726;1;1;7;26;3;1;-1,44;1;1
727;1;1;7;36;5;1;-0,23;2;2
728;1;1;3;16;5;1;-1,71;1;1
729;1;1;15;17;4;1;-0,46;2;2
730;1;1;2;31;5;1;-0,94;1;1
731;1;1;9;63;5;1;0,20;2;3
732;1;1;5;18;5;1;-1,02;1;1
733;1;1;7;36;5;1;-0,74;1;2
734;1;1;15;17;5;1;-0,39;2;2
735;1;1;7;49;5;1;-0,39;2;2
736;1;1;0;36;5;1;-1,01;1;1
737;1;1;11;64;5;1;0,45;2;3
738;1;1;10;43;5;1;-0,23;2;2
739;1;2;0;19;4;1;-2,17;1;1
740;1;1;12;53;4;1;0,04;2;2
741;1;1;4;18;3;1;-1,60;1;1
742;1;2;7;34;5;1;-0,79;1;1
743;1;2;17;85;5;1;1,66;3;4
744;1;2;7;16;5;1;-0,86;1;1
745;1;1;10;45;5;1;-0,17;2;2
746;1;2;7;27;5;1;-0,51;1;2
747;1;1;9;44;5;1;-0,06;2;2
748;1;3;12;32;5;1;-0,31;2;2
749;1;1;7;38;5;1;-0,68;1;2
750;1;1;1;19;5;1;-1,43;1;1
751;1;1;2;29;5;1;-1,21;1;1
752;1;1;7;16;5;1;-1,06;1;1
753;1;1;17;66;5;1;1,15;3;4
754;1;1;7;20;5;1;-0,95;1;1
755;1;2;7;34;5;1;-0,79;1;1
756;1;1;12;30;5;1;-0,15;2;2
757;1;2;9;57;5;1;0,04;2;2
758;1;2;3;36;5;1;-0,68;1;1
759;1;1;7;36;4;1;-0,74;1;2
760;1;1;15;60;5;1;0,77;3;3
761;1;2;7;47;5;1;0,11;2;3
762;1;2;7;57;5;1;0,10;2;3
763;1;1;12;38;5;1;0,08;2;3
764;1;1;7;49;5;1;0,17;2;3
765;1;2;7;16;4;1;-1,49;1;1
766;1;1;12;42;5;1;-0,04;2;2
767;1;2;7;34;5;1;-0,79;1;1
768;1;1;15;45;5;1;0,37;2;3
769;1;1;3;44;5;1;-0,43;2;2
770;1;1;12;55;5;1;0,92;3;4
771;1;2;17;86;5;1;2,44;3;4
772;1;3;5;36;5;1;-0,95;1;1
773;1;1;7;16;2;1;-1,57;1;1
774;1;1;0;16;5;1;-1,78;1;1
775;1;2;0;17;5;1;-1,75;1;1
776;1;1;7;34;5;1;-0,79;1;1
777;1;1;12;36;4;1;-0,23;2;2
778;1;2;5;23;3;1;-1,74;1;1
779;1;1;10;45;5;1;0,38;3;3
780;1;2;12;49;5;1;0,39;2;3
781;1;1;12;76;4;1;0,90;3;4
782;1;1;12;45;5;1;0,27;2;3
783;1;2;6;16;5;1;-1,38;1;1
784;1;1;0;30;4;1;-1,43;1;1
785;1;1;7;38;5;1;-0,17;2;3
786;1;3;12;31;5;1;-0,33;2;2
787;1;2;2;31;5;1;-1,15;1;1
788;1;1;15;61;5;1;0,80;3;3
789;1;1;17;58;4;1;0,91;3;4
790;1;1;7;45;2;1;-0,98;1;1
791;1;1;12;45;4;1;-0,17;2;2
792;1;1;12;26;5;1;-0,26;2;2
793;1;2;12;38;5;1;0,38;3;3
794;1;1;7;26;3;1;-1,27;1;1
795;1;2;7;57;5;1;0,42;3;3
796;1;2;5;45;5;1;-0,17;2;2
797;1;2;16;45;5;1;0,69;3;3
798;1;2;7;25;4;1;-0,81;1;1
799;1;1;6;43;5;1;-0,40;2;2
800;1;1;7;36;5;1;-0,49;1;2
801;1;1;4;26;4;1;-1,12;1;1
802;1;1;15;61;5;1;1,44;3;4
803;1;1;7;60;1;1;-0,44;2;2
804;1;1;7;36;4;1;-0,47;1;2
805;1;1;3;16;5;1;-1,47;1;1
806;1;1;7;36;5;1;-0,23;2;2
807;1;2;7;23;4;1;-0,88;1;1
808;1;2;12;45;5;1;0,27;2;3
809;1;1;7;28;5;1;-0,48;1;2
810;1;2;12;58;4;1;0,39;2;3
811;1;1;10;44;5;1;0,35;2;3
812;1;1;12;61;5;1;0,47;2;3
813;1;1;7;35;5;1;-0,26;2;2
814;1;1;15;38;5;1;0,39;2;3
815;1;2;7;45;4;1;-0,19;2;2
816;1;1;15;40;5;1;0,44;3;3
817;1;2;7;55;5;1;0,04;2;2
818;1;1;12;48;5;1;0,12;2;3
819;1;1;17;85;5;1;1,66;3;4
820;1;1;2;23;1;1;-2,15;1;1
821;1;1;12;47;5;1;0,10;2;3
822;1;1;4;24;5;1;-0,94;1;1
823;1;1;7;44;5;1;-0,27;2;2
824;1;1;7;16;4;1;-1,31;1;1
825;1;2;2;45;5;1;-0,51;1;2
826;1;2;7;57;5;1;-0,17;2;2
827;1;1;7;32;5;1;-0,36;2;2
828;1;2;12;45;5;1;0,60;3;3
829;1;1;12;53;4;1;0,61;3;3
830;1;1;7;27;5;1;-0,51;1;2
831;1;1;12;27;5;1;0,04;2;3
832;1;1;7;16;3;1;-1,33;1;1
833;1;1;7;41;5;1;-0,35;2;2
834;1;1;13;63;5;1;0,89;3;4
835;1;2;7;34;5;1;-0,29;2;2
836;1;1;17;85;5;1;2,41;3;4
837;1;2;7;25;5;1;-0,58;1;2
838;1;1;7;27;5;1;-0,51;1;2
839;1;2;7;28;4;1;-1,17;1;1
840;1;1;15;48;5;1;0,67;3;3
841;1;1;7;41;5;1;-0,08;2;3
842;1;1;17;59;5;1;1,59;3;4
843;1;2;14;57;5;1;0,58;3;3
844;1;1;12;45;5;1;0,27;2;3
845;1;4;7;35;5;1;-0,76;1;1
846;1;1;7;23;5;1;-0,86;1;1
847;1;1;17;58;5;1;0,93;3;4
848;1;1;7;40;5;1;-0,11;2;3
849;1;1;10;45;5;1;0,07;2;2
850;1;1;3;26;4;1;-1,44;1;1
851;1;1;12;70;4;1;1,15;3;4
852;1;1;15;63;4;1;1,26;3;4
853;1;1;7;32;4;1;-1,06;1;1
854;1;1;7;26;5;1;-0,78;1;1
855;1;1;4;45;5;1;-0,28;2;2
856;1;1;17;53;5;1;1,02;3;4
857;1;1;13;34;5;1;-0,14;2;2
858;1;1;11;75;4;1;1,19;3;4
859;1;1;15;61;5;1;1,04;3;4
860;1;1;7;48;4;1;-0,10;2;3
861;1;1;17;55;5;1;1,47;3;4
862;1;1;15;38;5;1;0,39;2;3
863;1;1;12;36;4;1;-0,23;2;2
864;1;2;4;36;5;1;-0,80;1;1
865;1;1;15;76;5;1;1,20;3;4
866;1;1;17;66;5;1;1,38;3;4
867;1;1;15;61;4;1;0,58;3;3
868;1;1;3;47;5;1;-0,33;2;2
869;1;1;7;32;4;1;-0,60;1;1
870;1;1;10;25;4;1;-0,48;1;2
871;1;1;5;34;5;1;-0,52;1;2
872;1;2;0;28;4;1;-1,69;1;1
873;1;1;3;45;5;1;-0,39;2;2
874;1;2;17;85;5;1;1,66;3;4
875;1;1;12;38;5;1;0,38;3;3
876;1;1;7;49;4;1;-0,60;1;2
877;1;1;17;89;3;1;1,54;3;4
878;1;2;;;1;0;;;
879;1;1;7;45;5;1;0,05;2;3
880;1;1;12;45;5;1;0,27;2;3
881;1;1;3;33;5;1;-0,77;1;1
882;1;1;6;24;5;1;-0,72;1;1
883;1;1;12;35;5;1;-0,22;2;2
884;1;1;7;27;5;1;-0,51;1;2
885;1;3;12;47;5;1;0,10;2;3
886;1;1;7;34;4;1;-1,01;1;1
887;1;1;15;59;5;1;0,98;3;4
888;1;1;12;61;4;1;0,86;3;4
889;1;1;4;45;5;1;-0,28;2;2
890;1;1;7;20;5;1;-1,17;1;1
891;1;1;7;24;4;1;-1,08;1;1
892;1;1;17;55;5;1;1,47;3;4
893;1;1;17;62;5;1;1,27;3;4
894;1;1;5;17;5;1;-1,46;1;1
895;1;1;12;56;5;1;0,59;3;3
896;1;1;7;38;5;1;-0,17;2;3
897;1;1;17;74;4;1;1,14;3;4
898;1;1;8;38;4;1;-0,30;2;2
899;1;1;7;35;5;1;-0,26;2;2
900;1;1;7;45;5;1;-0,49;1;2
901;1;1;4;18;4;1;-1,56;1;1
902;1;1;10;53;5;1;0,63;3;3
903;1;2;12;61;5;1;1,10;3;4
904;1;1;7;36;4;1;-0,74;1;2
905;1;1;15;71;5;1;1,07;3;4
906;1;2;12;56;5;1;0,59;3;3
907;1;1;12;53;4;1;0,25;2;3
908;1;1;12;41;5;1;-0,06;2;2
909;1;1;7;45;5;1;0,05;2;3
910;1;1;5;45;5;1;-0,45;2;2
911;1;1;17;56;5;1;0,88;3;4
912;1;1;17;89;5;1;2,53;3;4
913;1;1;12;48;5;1;0,12;2;3
914;1;1;7;16;1;1;-1,81;1;1
915;1;1;12;29;5;1;-0,39;2;2
916;1;2;12;45;5;1;0,27;2;3
917;1;1;17;61;5;1;1,01;3;4
918;1;1;7;45;5;1;-0,24;2;2
919;1;1;7;29;5;1;-0,45;2;2
920;1;1;3;36;4;1;-0,91;1;1
921;1;5;10;24;5;1;-0,74;1;2
922;1;2;7;26;3;1;-1,44;1;1
923;1;1;14;49;1;1;-0,50;1;2
924;1;1;7;36;5;1;-0,23;2;2
925;1;1;10;38;5;1;0,16;2;3
926;1;2;7;25;5;1;-0,81;1;1
927;1;1;12;45;1;1;-0,72;1;2
928;1;1;12;45;5;1;0,04;2;2
929;1;1;13;42;5;1;0,07;2;3
930;1;1;15;57;5;1;1,31;3;4
931;1;1;12;46;5;1;0,07;2;3
932;1;1;7;34;4;1;-0,53;1;2
933;1;2;4;35;4;1;-0,83;1;1
934;1;1;15;58;5;1;0,95;3;4
935;1;1;7;35;4;1;-0,50;1;2
936;1;2;17;77;5;1;1,44;3;4
937;1;1;12;41;5;1;-0,06;2;2
938;1;1;2;32;3;1;-1,62;1;1
939;1;1;16;57;5;1;1,03;3;4
940;1;1;17;42;5;1;0,70;3;3
941;1;2;7;35;5;1;-0,26;2;2
942;1;1;7;18;5;1;-0,79;1;1
943;1;2;19;66;4;1;1,14;3;4
944;1;1;17;66;5;1;1,15;3;4
945;1;1;15;65;5;1;0,90;3;4
946;1;2;7;33;5;1;-0,82;1;1
947;1;1;12;58;5;1;0,39;2;3
948;1;2;9;20;5;1;-0,95;1;1
949;1;1;2;35;5;1;-0,82;1;1
950;1;1;12;49;5;1;0,73;3;4
951;1;1;7;27;5;1;-0,98;1;1
952;1;1;7;63;5;1;0,27;2;3
953;1;2;16;40;5;1;0,89;3;4
954;1;1;12;43;5;1;-0,01;2;2
955;1;1;17;45;5;1;1,16;3;4
956;1;1;2;24;1;1;-2,34;1;1
957;1;1;7;41;5;1;-0,60;1;2
958;1;2;12;57;5;1;0,37;2;3
959;1;1;7;38;5;1;-0,17;2;3
960;1;1;9;20;5;1;-0,51;1;2
961;1;1;12;45;4;1;0,36;2;3
962;1;2;14;49;5;1;0,59;3;3
963;1;1;12;38;4;1;-0,17;2;2
964;1;2;7;19;4;1;-1,00;1;1
965;1;1;7;45;5;1;0,05;2;3
966;1;2;7;45;5;1;0,05;2;3
967;1;1;14;63;5;1;1,39;3;4
968;1;1;17;66;5;1;1,38;3;4
969;1;1;15;52;1;1;-0,31;2;2
970;1;1;17;52;5;1;0,77;3;3
971;1;1;12;31;5;1;-0,33;2;2
972;1;2;17;75;5;1;1,64;3;4
973;1;1;15;61;5;1;0,80;3;3
974;1;2;12;59;5;1;0,42;2;3
975;1;1;15;45;5;1;0,37;2;3
976;1;2;17;67;5;1;1,17;3;4
977;1;1;17;49;5;1;1,28;3;4
978;1;1;12;45;5;1;0,27;2;3
979;1;1;10;56;5;1;0,73;3;4
980;1;1;13;66;4;1;1,13;3;4
981;1;1;12;63;5;1;0,78;3;4
982;1;1;7;45;5;1;-0,24;2;2
983;1;1;15;65;5;1;1,15;3;4
984;1;1;15;56;5;1;0,66;3;3
985;1;2;12;41;5;1;-0,06;2;2
986;1;2;7;34;4;1;-1,01;1;1
987;1;1;7;56;5;1;0,39;3;3
988;1;1;16;56;5;1;1,00;3;4
989;1;1;12;49;4;1;0,49;3;3
990;1;1;14;56;5;1;0,56;2;3
991;1;2;17;53;5;1;1,02;3;4
992;1;1;7;60;5;1;0,52;3;3
993;1;1;17;70;5;1;1,50;3;4
994;1;2;17;31;4;1;-0,01;2;2
995;1;2;15;42;5;1;0,29;2;3
996;1;1;15;71;5;1;1,07;3;4
997;1;1;7;41;5;1;-0,08;2;3
998;1;1;10;47;5;1;-0,12;2;2
999;1;1;14;52;5;1;1,04;3;4
1000;1;2;7;27;4;1;-1,20;1;1
1001;1;1;17;74;4;1;1,14;3;4
1002;1;1;3;25;5;1;-1,22;1;1
1003;1;2;17;58;5;1;0,93;3;4
1004;1;1;17;72;5;1;1,55;3;4
1005;1;1;7;36;4;1;-0,95;1;1
1006;1;1;15;53;5;1;0,81;3;4
1007;1;2;7;24;5;1;-0,83;1;1
1008;1;1;17;45;4;1;0,54;3;3
1009;1;1;12;53;1;1;-0,10;2;3
1010;1;1;19;65;5;1;1,34;3;4
1011;1;2;9;63;5;1;0,83;3;4
1012;1;1;17;65;5;1;1,36;3;4
1013;1;1;17;85;4;1;1,67;3;4
1014;1;1;11;45;5;1;0,49;3;3
1015;1;1;7;32;5;1;-0,36;2;2
1016;1;1;7;36;5;1;-0,23;2;2
1017;1;1;7;60;5;1;-0,09;2;2
1018;1;1;12;45;5;1;0,27;2;3
1019;1;1;12;55;4;1;0,68;3;4
1020;1;1;12;56;5;1;0,95;3;4
1021;1;1;7;45;4;1;-0,19;2;2
1022;1;1;17;67;5;1;1,41;3;4
1023;1;1;14;45;5;1;0,26;2;3
1024;1;1;7;60;5;1;-0,09;2;2
1025;1;1;9;56;5;1;0,61;3;3
1026;1;1;7;49;5;1;0,17;2;3
1027;1;1;7;45;4;1;-0,19;2;2
1028;1;2;17;88;5;1;1,74;3;4
1029;1;1;16;52;4;1;0,64;3;3
1030;1;1;10;44;5;1;0,35;2;3
1031;1;1;7;27;5;1;-0,75;1;1
1032;1;1;15;68;5;1;1,65;3;4
1033;1;2;12;45;5;1;0,04;2;2
1034;1;2;7;45;5;1;0,05;2;3
1035;1;1;7;45;2;1;-0,98;1;1
1036;1;2;7;57;4;1;0,18;2;3
1037;1;1;2;68;4;1;-0,63;1;2
1038;1;2;15;56;5;1;0,66;3;3
1039;1;1;10;41;5;1;-0,28;2;2
1040;1;2;17;41;5;1;0,48;2;3
1041;1;1;12;45;5;1;0,27;2;3
1042;1;1;16;61;5;1;1,55;3;4
1043;1;2;17;86;5;1;1,68;3;4
1044;1;1;12;45;5;1;0,04;2;2
1045;1;2;7;24;5;1;-1,06;1;1
1046;1;2;7;48;4;1;-0,10;2;3
1047;1;1;17;89;4;1;2,29;3;4
1048;1;1;7;63;5;1;0,27;2;3
1049;1;1;17;66;3;1;0,89;3;4
1050;1;2;12;41;5;1;-0,06;2;2
1051;1;1;7;32;4;1;-0,60;1;1
1052;1;1;10;43;5;1;-0,23;2;2
1053;1;1;15;61;5;1;1,04;3;4
1054;1;1;15;52;5;1;0,78;3;4
1055;1;2;17;89;5;1;2,53;3;4
1056;1;1;7;32;5;1;-0,84;1;1
1057;1;1;10;58;5;1;0,79;3;4
1058;1;1;19;64;5;1;1,53;3;4
1059;1;3;7;17;5;1;-1,25;1;1
1060;1;1;17;45;5;1;0,79;3;4
1061;1;2;15;36;5;1;0,65;3;4
1062;1;1;12;48;5;1;0,12;2;3
1063;1;1;12;57;5;1;0,61;3;3
1064;1;1;10;50;5;1;-0,04;2;2
1065;1;1;1;19;5;1;-1,59;1;1
1066;1;1;7;32;5;1;-0,84;1;1
1067;1;1;12;41;5;1;-0,06;2;2
1068;1;1;17;28;2;1;-0,44;2;2
1069;1;1;15;61;5;1;1,44;3;4
1070;1;2;17;89;5;1;1,77;3;4
1071;1;2;12;50;5;1;0,42;2;3
1072;1;3;7;41;5;1;-0,35;2;2
1073;1;1;15;68;5;1;1,65;3;4
1074;1;1;12;37;4;1;0,11;2;3
1075;1;1;12;41;5;1;0,16;2;3
1076;1;1;10;25;5;1;-0,50;1;2
1077;1;2;7;34;4;1;-0,53;1;2
1078;1;1;9;41;5;1;-0,15;2;2
1079;1;1;10;45;5;1;-0,17;2;2
1080;1;2;15;64;5;1;1,12;3;4
1081;1;1;7;36;2;1;-0,95;1;1
1082;1;1;1;18;5;1;-1,46;1;1
1083;1;1;17;71;1;1;0,41;2;3
1084;1;1;7;32;5;1;-0,36;2;2
1085;1;1;7;35;5;1;-0,26;2;2
1086;1;1;15;56;5;1;0,89;3;4
1087;1;2;7;41;5;1;-0,08;2;3
1088;1;1;14;54;1;1;-0,37;2;2
1089;1;1;17;42;1;1;-0,37;2;2
1090;1;2;12;45;5;1;0,27;2;3
1091;1;1;7;45;5;1;-0,49;1;2
1092;1;2;7;16;5;1;-1,06;1;1
1093;1;2;17;38;5;1;0,94;3;4
1094;1;2;7;27;1;1;-1,85;1;1
1095;1;1;12;42;4;1;-0,25;2;2
1096;1;3;15;41;5;1;0,26;2;3
1097;1;1;7;25;5;1;-0,58;1;2
1098;1;1;7;63;5;1;0,61;3;3
1099;1;1;15;41;5;1;0,47;3;3
1100;1;2;15;58;4;1;0,70;3;3
1101;1;2;12;63;5;1;1,17;3;4
1102;1;1;7;57;5;1;0,42;3;3
1103;1;1;12;45;5;1;0,60;3;3
1104;1;1;15;71;5;1;1,07;3;4
1105;1;2;5;45;5;1;-0,45;2;2
1106;1;1;15;71;5;1;1,07;3;4
1107;1;1;3;31;5;1;-0,83;1;1
1108;1;1;12;61;5;1;0,73;3;3
1109;1;3;3;37;5;1;-1,14;1;1
1110;1;1;19;89;1;1;1,11;3;4
1111;1;1;17;63;4;1;0,85;3;3
1112;1;1;12;52;5;1;0,82;3;4
1113;1;1;10;45;5;1;0,07;2;2
1114;1;2;12;61;5;1;0,47;2;3
1115;1;1;7;47;5;1;-0,18;2;2
1116;1;1;7;57;5;1;0,10;2;3
1117;1;2;12;38;5;1;-0,14;2;2
1118;1;1;12;45;5;1;0,04;2;2
1119;1;1;2;23;5;1;-1,19;1;1
1120;1;1;12;49;5;1;0,15;2;3
1121;1;1;12;60;5;1;0,45;2;3
1122;1;1;17;50;5;1;0,72;3;3
1123;1;2;3;45;4;1;-0,63;1;1
1124;1;2;17;45;4;1;0,92;3;4
1125;1;1;0;18;5;1;-1,57;1;1
1126;1;1;7;37;5;1;-0,47;2;2
1127;1;2;17;66;5;1;1,81;3;4
1128;1;1;7;41;5;1;-0,08;2;3
1129;1;1;7;34;4;1;-0,53;1;2
1130;1;1;7;37;4;1;-0,71;1;2
1131;1;2;17;85;5;1;1,66;3;4
1132;1;3;15;43;5;1;0,31;2;3
1133;1;1;3;17;5;1;-1,44;1;1
1134;1;1;7;45;5;1;-0,49;1;2
1135;1;1;2;22;5;1;-1,40;1;1
1136;1;1;0;32;1;1;-2,32;1;1
1137;1;1;7;38;5;1;-0,44;2;2
1138;1;1;12;45;5;1;0,04;2;2
1139;1;1;7;36;5;1;-0,49;1;2
1140;1;1;7;17;5;1;-1,25;1;1
1141;1;1;17;61;5;1;1,24;3;4
1142;1;1;7;16;3;1;-1,56;1;1
1143;1;1;2;16;5;1;-1,41;1;1
1144;1;1;0;16;5;1;-1,78;1;1
1145;1;2;7;16;5;1;-1,06;1;1
1146;1;1;2;23;5;1;-1,19;1;1
1147;1;1;7;45;5;1;-0,24;2;2
1148;1;1;7;17;1;1;-2,03;1;1
1149;1;2;7;17;1;1;-2,12;1;1
1150;1;2;3;27;1;1;-2,28;1;1
1151;1;1;2;21;1;1;-2,55;1;1
1152;1;1;7;45;1;1;-1,36;1;1
1153;1;1;6;37;1;1;-1,69;1;1
1154;1;1;7;20;1;1;-1,94;1;1
1155;1;1;;;1;0;;;
1156;1;1;2;40;5;1;-0,90;1;1
1157;1;1;7;32;1;1;-1,71;1;1
1158;1;2;3;45;5;1;-0,65;1;2
1159;1;1;7;17;1;1;-2,03;1;1
1160;1;2;12;16;5;1;-0,30;2;2
1161;1;2;12;26;1;1;-1,34;1;1
1162;1;1;7;36;5;1;-0,74;1;2
1163;1;1;;;1;0;;;
1164;1;2;7;16;5;1;-1,06;1;1
1165;1;1;7;16;5;1;-1,06;1;1
1166;1;1;7;32;5;1;-0,61;1;2
1167;1;1;3;17;1;1;-2,44;1;1
1168;1;1;7;17;1;1;-1,78;1;1
1169;1;1;2;16;4;1;-1,82;1;1
1170;1;1;9;53;1;1;-0,43;2;2
1171;1;1;0;16;5;1;-1,78;1;1
1172;1;1;7;16;3;1;-1,56;1;1
1173;1;1;7;24;5;1;-1,06;1;1
1174;1;1;0;16;2;1;-2,53;1;1
1175;1;2;3;16;5;1;-1,71;1;1
1176;1;1;7;16;5;1;-1,06;1;1
1177;1;1;0;45;5;1;-0,73;1;1
1178;1;1;3;23;1;1;-2,04;1;1
1179;1;1;3;32;2;1;-1,93;1;1
1180;1;1;4;24;1;1;-1,89;1;1
1181;1;1;4;14;5;1;-1,65;1;1
1182;1;1;0;16;1;1;-2,77;1;1
1183;1;1;7;32;5;1;-0,36;2;2
1184;1;1;3;16;5;1;-1,30;1;1
1185;1;1;12;17;5;1;-0,52;1;2
1186;1;1;15;61;4;1;0,79;3;4
1187;1;1;7;27;5;1;-0,98;1;1
1188;1;1;12;26;5;1;-0,47;2;2
1189;1;1;12;28;5;1;-0,21;2;2
1190;1;1;7;40;3;1;-0,58;1;2
1191;1;2;7;32;5;1;-0,84;1;1
1192;1;1;7;35;1;1;-1,63;1;1
1193;1;1;1;53;5;1;-0,37;2;2
1194;1;2;2;24;3;1;-1,64;1;1
1195;1;1;3;14;3;1;-1,84;1;1
1196;1;1;7;32;5;1;-0,36;2;2
1197;1;1;0;32;3;1;-2,03;1;1
1198;1;1;7;42;1;1;-1,45;1;1
1199;1;1;2;24;5;1;-1,16;1;1
1200;1;1;0;28;5;1;-1,26;1;1
1201;1;1;12;26;1;1;-0,95;1;1
1202;1;1;10;16;4;1;-1,17;1;1
1203;1;1;7;23;5;1;-0,86;1;1
1204;1;1;7;36;1;1;-1,49;1;1
1205;1;1;10;27;5;1;-0,44;2;2
1206;1;2;7;45;5;1;-0,49;1;2
1207;1;1;7;24;5;1;-1,06;1;1
1208;1;1;0;32;1;1;-2,47;1;1
1209;1;1;12;35;1;1;-1,09;1;1
1210;1;1;12;48;1;1;-0,75;1;2
1211;1;1;3;16;5;1;-1,30;1;1
1212;1;1;0;16;5;1;-1,63;1;1
1213;1;1;7;16;3;1;-1,33;1;1
1214;1;1;3;26;5;1;-1,44;1;1
1215;1;1;0;35;5;1;-1,04;1;1
1216;1;1;7;16;4;1;-1,10;1;1
1217;1;1;12;27;5;1;0,04;2;3
1218;1;1;2;16;5;1;-1,41;1;1
1219;1;1;9;32;5;1;-0,63;1;2
1220;1;1;7;22;5;1;-0,89;1;1
